[Variables]

 v     = -72.8584709105267
 Nai   = 7.47601133042511
 Cai   = 1.4386339211881e-05
 m     = 0.0463936214742732
 h     = 0.718760789922892
 j     = 0.690637424013285
 d     = 0.000110677041773194
 f1    = 0.949365131107642
 f2    = 0.999976062093053
 fCa   = 0.999139260639166
 Xr1   = 0.0381677346052322
 Xr2   = 0.42490316267124
 Xs    = 0.0353646563233358
 Xf    = 0.14578582454558
 q     = 0.822579225692493
 r     = 0.00620530001168207
 Ca_SR = 0.0913590586032925
 m_L   = 0.00333243908118536
 h_L   = 0.115286180420059
 RyRa  = 0.0333176783373542
 RyRo  = 7.23118085957641e-05
 RyRc  = 0.908634339052444

[Parameters]

Cm          = 9.87109e-11
R           = 8.314472
T           = 310
F           = 96485.3415
Nao         = 151
Cao         = 1.8
Ko          = 5.4
Ki          = 150
E_K         = -0.0888028539770748
PkNa        = 0.03
g_Na        = 6447.1896
Vc          = 8800
V_SR        = 583.73
myCoefTauM  = 1
tauINaL     = 200
GNaLmax     = 17.25
Vh_hLate    = 87.61
g_f         = 22.2763088
fNa         = 0.37
fK          = 0.63
g_CaL       = 8.635702e-05
tau_fCa     = 0.002
g_Kr        = 29.8667
L0          = 0.025
Q           = 2.3
g_Ks        = 2.041
g_K1        = 28.1492
g_b_Na      = 1.14
g_b_Ca      = 0.8727264
Km_K        = 1
Km_Na       = 40
PNaK        = 2.7424
kNaCa       = 6514.47574
alpha       = 2.16659
local_gamma = 0.35
Ksat        = 0.1
KmCa        = 1.38
KmNai       = 87.5
g_PCa       = 0.4125
KPCa        = 0.0005
g_to        = 29.9038
Kup         = 0.000440435
Buf_C       = 0.25
Buf_SR      = 10
Kbuf_C      = 0.001
Kbuf_SR     = 0.3
VmaxUp      = 0.82205
V_leak      = 0.000448209
V_half      = -20.6950599529771
g_irel_max  = 55.808061
RyRa1       = 0.05169
RyRa2       = 0.050001
RyRahalf    = 0.02632
RyRohalf    = 0.00944
RyRchalf    = 0.00167
RyRtauadapt = 1

