[Variables]

v = -88.0242927642075
nai = 6.82324920528727
nass = 6.82332163409247
ki = 145.113960879187
kss = 145.1139395707
cai = 8.03568037308137e-05
cass = 7.93853528638872e-05
cansr = 1.47542461294537
cajsr = 1.43553054966297
m = 0.00094453192990989
hf = 1
hs = 0.813214796671288
j = 0.813075003018159
hsp = 1
jp = 1
mL = 0.000187462890272889
hL = 0.502879387598884
hLp = 0.273063003998578
a = 0.000999587048185902
iF = 0.999555929781968
iS = 0.593566021264583
ap = 0.000509316204324554
iFp = 0.999555935945404
iSp = 0.647308433030347
d = 2.32842990461147e-09
ff = 0.999999990930189
fs = 0.914716195320276
fcaf = 0.99999999093024
fcas = 0.999821190204761
jca = 0.999978454249739
nca = 0.00212230664280588
ffp = 0.999999990927817
fcafp = 0.999999990927958
xrf = 8.0368168502921e-06
xrs = 0.44972856312655
xs1 = 0.257192770742215
xs2 = 0.000192354920523819
xk1 = 0.996753789811227
Jrelnp = 1.73337297019137e-07
Jrelp = 2.16534435813259e-07
CaMKt = 0.00975175549710795

[Parameters]

gNaL = 0.0075
delta_factor = 0
gto = 0.02
pCa = 0.0001
gKr = 0.046
gKs = 0.0034
gK1 = 0.1908
gncx = 0.0008
pNaK = 30
gKb = 0.003
Jrel_0 = 1
Jrelp_0 = 1
Jupnp_0 = 0.004375
Jupp_0 = 0.01203125
nao = 140
cao = 1.8
ko = 5.4
R = 8314
T = 310
Fdy = 96485
l = 0.01
rad = 0.0011
vcell = 3.7994e-05
ageo = 7.66788e-05
acap = 0.0001533576
vmyo = 2.583592e-05
vnsr = 2.0972688e-06
vjsr = 1.823712e-07
vss = 7.5988e-07
KmCaMK = 0.15
aCaMK = 0.05
bCaMK = 0.00068
CaMKo = 0.05
KmCaM = 0.0015
BSRmax = 0.047
KmBSR = 0.00087
BSLmax = 1.124
KmBSL = 0.0087
cmdnmax = 0.05
Kmcmdn = 0.00238
trpnmax = 0.07
Kmtrpn = 0.0005
Csqnmax = 10
kmcsqn = 0.8
gNa = 14.838


