[Variables]

v = -84.2379607747966
nai = 6.94859899278922
nass = 6.94868419358157
ki = 125.25945576854
kss = 125.259425916633
cai = 8.03273484473031e-05
cass = 7.9016741746939e-05
cansr = 2.08350887892247
cajsr = 2.04760300448613
m = 0.00211653706077924
hf = 0.692836
hs = 0.716599192708485
j = 0.716211959229889
hsp = 0.448812
jp = 0.692726
mL = 0.000384779979658711
hL = 0.381524072658622
hLp = 0.190317806551918
a = 0.00129018258756389
iF = 0.999138687246849
iS = 0.998829250095275
ap = 0.000657476169058286
iFp = 0.99913868804257
iSp = 0.999014617288821
d = 5.69909038033302e-09
ff = 0.999999974736219
fs = 0.922492652404109
fcaf = 0.999999974736402
fcas = 0.999876211341316
jca = 0.999981956905056
nca = 0.00208407977860951
ffp = 0.999999974730221
fcafp = 0.999999974730741
xrf = 1.42104288662196e-05
xrs = 0.485803413663518
xs1 = 0.245149477060928
xs2 = 0.000293875173480942
xk1 = 0.997612700959919
Jrelnp = 1.09812464905353e-06
Jrelp = 1.37254381764807e-06
CaMKt = 0.0139241185736992

[Parameters]

gNaL = 0.0045
delta_factor = 1
gto = 0.08
pCa = 0.00012
gKr = 0.0598
gKs = 0.00476
gK1 = 0.22896
gncx = 0.00088
pNaK = 27
Jrel_0 = 1
Jrelp_0 = 1
Jupnp_0 = 0.0056875
Jupp_0 = 0.015640625
Bcai_factor = 1.3
nao = 140
cao = 1.8
ko = 5.4
R = 8314
T = 310
Fdy = 96485
l = 0.01
rad = 0.0011
vcell = 3.7994e-05
ageo = 7.66788e-05
acap = 0.0001533576
vmyo = 2.583592e-05
vnsr = 2.0972688e-06
vjsr = 1.823712e-07
vss = 7.5988e-07
KmCaMK = 0.15
aCaMK = 0.05
bCaMK = 0.00068
CaMKo = 0.05
KmCaM = 0.0015
BSRmax = 0.047
KmBSR = 0.00087
BSLmax = 1.124
KmBSL = 0.0087
cmdnmax = 0.05
Kmcmdn = 0.00238
trpnmax = 0.07
Kmtrpn = 0.0005
Csqnmax = 10
kmcsqn = 0.8
gNa = 14.838

